[gd_scene load_steps=4 format=3 uid="uid://cfaldipc5l1l4"]

[ext_resource type="PackedScene" uid="uid://bp28b7drlwoma" path="res://scenes/entities/player/knight.tscn" id="1_1hmtu"]
[ext_resource type="Script" uid="uid://cipww6kawrowp" path="res://scenes/entities/player/player.gd" id="1_58kc7"]
[ext_resource type="PackedScene" uid="uid://bh7gkxhgw7roh" path="res://scenes/entities/player/camera_controller.tscn" id="2_635qg"]

[node name="Player" type="Node3D"]
script = ExtResource("1_58kc7")

[node name="skin" parent="." instance=ExtResource("1_1hmtu")]

[node name="Skeleton3D" parent="skin/Rig" index="0"]
bones/1/position = Vector3(0, 0.391242, 0)
bones/4/rotation = Quaternion(-0.559289, -0.0612462, -0.645654, 0.516309)
bones/5/rotation = Quaternion(2.34598e-08, -4.30632e-08, -0.491909, 0.870647)
bones/7/rotation = Quaternion(-0.320536, -0.32535, 0.144253, 0.877836)
bones/8/rotation = Quaternion(0.000237282, 0.000237254, -0.706235, 0.707977)
bones/14/rotation = Quaternion(-0.617753, 0.0811002, 0.619501, 0.477518)
bones/15/rotation = Quaternion(2.79871e-08, 4.73359e-08, 0.515255, 0.857037)
bones/17/rotation = Quaternion(-0.31878, 0.300394, -0.22587, 0.87013)
bones/18/rotation = Quaternion(0.000477587, 0.000562524, 0.706612, 0.707601)
bones/24/rotation = Quaternion(0.993657, 0.0836159, 0.0737706, 0.0145702)
bones/25/rotation = Quaternion(0.20508, 6.41144e-08, -1.34863e-07, 0.978745)
bones/26/rotation = Quaternion(-0.522492, -0.209222, 0.0450845, 0.825346)
bones/28/rotation = Quaternion(0.997159, -0.0295989, 0.0314605, 0.061718)
bones/29/rotation = Quaternion(0.280872, -6.39738e-08, 1.95286e-07, 0.959745)
bones/30/rotation = Quaternion(-0.562687, 0.114469, -0.00919597, 0.818655)
bones/47/position = Vector3(0.520841, 0.78645, -0.0576374)
bones/49/position = Vector3(-0.510844, 0.78645, 0.0597369)

[node name="1H_Sword_Offhand" parent="skin/Rig/Skeleton3D" index="0"]
transform = Transform3D(1.6066e-06, 0.262864, 0.964832, 0.999996, -0.00246289, 0.00066987, 0.00255267, 0.964829, -0.262864, 0.512207, 0.634587, -0.00231187)
visible = false

[node name="Badge_Shield" parent="skin/Rig/Skeleton3D" index="1"]
transform = Transform3D(1.62902e-06, 0.262864, 0.964832, 0.999996, -0.00246542, 0.000670537, 0.00255529, 0.964829, -0.262863, 0.66261, 0.634691, -0.0432885)

[node name="Rectangle_Shield" parent="skin/Rig/Skeleton3D" index="2"]
transform = Transform3D(1.62902e-06, 0.262864, 0.964832, 0.999996, -0.00246542, 0.000670537, 0.00255529, 0.964829, -0.262863, 0.66261, 0.634691, -0.0432885)
visible = false

[node name="Round_Shield" parent="skin/Rig/Skeleton3D" index="3"]
transform = Transform3D(1.62902e-06, 0.262864, 0.964832, 0.999996, -0.00246542, 0.000670537, 0.00255529, 0.964829, -0.262863, 0.66261, 0.634691, -0.0432885)
visible = false

[node name="Spike_Shield" parent="skin/Rig/Skeleton3D" index="4"]
transform = Transform3D(1.62902e-06, 0.262864, 0.964832, 0.999996, -0.00246542, 0.000670537, 0.00255529, 0.964829, -0.262863, 0.66261, 0.634691, -0.0432885)
visible = false

[node name="1H_Sword" parent="skin/Rig/Skeleton3D" index="5"]
transform = Transform3D(-0.000331343, -0.151349, 0.98848, 0.999998, -0.00139966, 0.000120496, 0.0013656, 0.988479, 0.151349, -0.496106, 0.638872, 0.13932)

[node name="2H_Sword" parent="skin/Rig/Skeleton3D" index="6"]
transform = Transform3D(-0.000331359, -0.151349, 0.98848, 0.999998, -0.00139968, 0.00012051, 0.00136561, 0.988479, 0.151349, -0.496106, 0.638872, 0.13932)
visible = false

[node name="Knight_Helmet" parent="skin/Rig/Skeleton3D" index="7"]
transform = Transform3D(0.99972, -1.40143e-09, 0.0236466, 1.39341e-09, 1, 3.55686e-10, -0.0236466, -3.22637e-10, 0.99972, 4.69869e-07, 1.20147, -1.19779e-07)

[node name="Knight_Cape" parent="skin/Rig/Skeleton3D" index="8"]
transform = Transform3D(0.996275, -5.14962e-09, 0.0862353, 5.13043e-09, 1, 4.44077e-10, -0.0862353, 1.88007e-15, 0.996275, -1.63023e-08, 1.20147, -1.40136e-07)

[node name="AnimationPlayer" parent="skin" index="1"]
autoplay = "Idle"

[node name="CameraController" parent="." instance=ExtResource("2_635qg")]

[editable path="skin"]
